name: base
channels:
  - pytorch
  - conda-forge
  - sirokujira
  - defaults
dependencies:
  - blas=2.116=mkl
  - blas-devel=3.9.0=16_win64_mkl
  - brotlipy=0.7.0=py38h294d835_1004
  - bzip2=1.0.8=h8ffe710_4
  - ca-certificates=2022.9.14=h5b45459_0
  - certifi=2022.9.14=pyhd8ed1ab_0
  - cffi=1.15.1=py38hd8c33c5_0
  - charset-normalizer=2.1.1=pyhd8ed1ab_0
  - cpuonly=2.0=0
  - cryptography=37.0.1=py38h21b164f_0
  - freetype=2.12.1=h546665d_0
  - idna=3.3=pyhd8ed1ab_0
  - intel-openmp=2022.1.0=h57928b3_3787
  - jpeg=9e=h8ffe710_2
  - lcms2=2.12=h2a16943_0
  - lerc=4.0.0=h63175ca_0
  - libblas=3.9.0=16_win64_mkl
  - libcblas=3.9.0=16_win64_mkl
  - libdeflate=1.14=hcfcfb64_0
  - libffi=3.4.2=h8ffe710_5
  - liblapack=3.9.0=16_win64_mkl
  - liblapacke=3.9.0=16_win64_mkl
  - libpng=1.6.38=h19919ed_0
  - libsqlite=3.39.3=hcfcfb64_0
  - libtiff=4.4.0=h8e97e67_4
  - libuv=1.44.2=h8ffe710_0
  - libwebp-base=1.2.4=h8ffe710_0
  - libxcb=1.13=hcd874cb_1004
  - libzlib=1.2.12=hcfcfb64_3
  - m2w64-gcc-libgfortran=5.3.0=6
  - m2w64-gcc-libs=5.3.0=7
  - m2w64-gcc-libs-core=5.3.0=7
  - m2w64-gmp=6.1.0=2
  - m2w64-libwinpthread-git=5.0.0.4634.697f757=2
  - mkl=2022.1.0=h6a75c08_874
  - mkl-devel=2022.1.0=h57928b3_875
  - mkl-include=2022.1.0=h6a75c08_874
  - msys2-conda-epoch=20160418=1
  - numpy=1.23.3=py38h8503d5b_0
  - openjpeg=2.5.0=hc9384bd_1
  - openssl=3.0.5=hcfcfb64_2
  - pandas=1.4.4=py38h0ae2778_0
  - pillow=9.2.0=py38h37aa274_2
  - pip=22.2.2=pyhd8ed1ab_0
  - pthread-stubs=0.4=hcd874cb_1001
  - pycparser=2.21=pyhd8ed1ab_0
  - pyopenssl=22.0.0=pyhd8ed1ab_0
  - pysocks=1.7.1=py38haa244fe_5
  - python=3.8.13=hcf16a7b_0_cpython
  - python-dateutil=2.8.2=pyhd8ed1ab_0
  - python_abi=3.8=2_cp38
  - pytorch=1.12.1=py3.8_cpu_0
  - pytorch-mutex=1.0=cpu
  - pytz=2022.2.1=pyhd8ed1ab_0
  - pyyaml=6.0=py38h294d835_4
  - requests=2.28.1=pyhd8ed1ab_1
  - setuptools=65.3.0=pyhd8ed1ab_1
  - six=1.16.0=pyh6c4a22f_0
  - sqlite=3.39.3=hcfcfb64_0
  - tbb=2021.5.0=h91493d7_2
  - tk=8.6.12=h8ffe710_0
  - torchaudio=0.12.1=py38_cpu
  - torchvision=0.13.1=py38_cpu
  - typing_extensions=4.3.0=pyha770c72_0
  - ucrt=10.0.20348.0=h57928b3_0
  - urllib3=1.26.11=pyhd8ed1ab_0
  - vc=14.2=hb210afc_7
  - vs2015_runtime=14.29.30139=h890b9b1_7
  - wheel=0.37.1=pyhd8ed1ab_0
  - win_inet_pton=1.1.0=py38haa244fe_4
  - xorg-libxau=1.0.9=hcd874cb_0
  - xorg-libxdmcp=1.1.3=hcd874cb_0
  - xz=5.2.6=h8d14728_0
  - yacs=0.1.8=pyhd8ed1ab_0
  - yaml=0.2.5=h8ffe710_2
  - zstd=1.5.2=h7755175_4
  - pip:
    - attrs==21.4.0
    - beautifulsoup4==4.11.1
    - boto3==1.24.75
    - botocore==1.27.75
    - colorama==0.4.5
    - dill==0.3.5.1
    - filelock==3.8.0
    - gdown==4.5.1
    - google-pasta==0.2.0
    - importlib-metadata==4.12.0
    - jmespath==1.0.1
    - multiprocess==0.70.13
    - packaging==21.3
    - pathos==0.2.9
    - pox==0.3.1
    - ppft==1.7.6.5
    - protobuf==3.20.2
    - protobuf3-to-dict==0.1.5
    - pyparsing==3.0.9
    - s3transfer==0.6.0
    - sagemaker==2.109.0
    - smdebug-rulesconfig==1.0.1
    - soupsieve==2.3.2.post1
    - tqdm==4.64.1
    - zipp==3.8.1
#prefix: D:\Users\Joe\anaconda3\envs\signs

